[{"euler": [178.23147583007812, 89.9839096069336, 178.2744598388672], "matrix": [[-0.0002807029870336061, -0.0007502111922916265, 0.9999996791944484], [8.456308185267084e-06, 0.9999997185539863, 0.0007502135955313302], [-0.9999999605671611, 8.666892669615252e-06, -0.00028069656401371235]], "quat": [-0.0002622131737047371, 0.7072059668344565, 0.00026826713991038236, 0.7070074821037856]}, {"euler": [-11.199739456176758, 27.732725143432617, -43.28933334350586], "matrix": [[0.6442850318241828, 0.6068338720848507, 0.4654561735091923], [-0.6069170794657153, 0.7760133671974401, -0.171624335639496], [-0.46534767262780946, -0.17191831089618925, 0.8682716383474027]], "quat": [-8.105451935644381e-05, 0.2566401649322718, -0.33465401511328835, 0.9067207449607936]}, {"euler": [11.159914016723633, -27.632902145385742, -43.37027359008789], "matrix": [[0.6440153939450342, 0.6084698032422289, -0.463690274756961], [-0.6083824640331281, 0.7748303399676998, 0.17178102841268242], [0.46380486178866476, 0.1714714052193613, 0.8691850248211226]], "quat": [-8.537595093667527e-05, -0.2557488617773025, -0.3355366190553532, 0.9066463972704376]}, {"euler": [-149.11602783203125, 89.9813461303711, -149.07273864746094], "matrix": [[-0.00027928184207672024, -0.0007555620656354514, 0.9999996755637561], [-0.00016732726498992382, 0.999999700599024, 0.0007555153530691987], [-0.9999999470016181, -0.00016711620898337203, -0.00027940818459361316]], "quat": [-0.00032624511211029605, 0.7072054847471303, 0.0002080014779213059, 0.7070079579771987]}, {"euler": [90.94424438476562, 88.99638366699219, 90.91312408447266], "matrix": [[-0.00027913330650759533, 0.0005455961147800944, 0.999999812204721], [0.017513289383432728, 0.9998464844268612, -0.0005406239164330287], [-0.9998465916227198, 0.017513135188378288, -0.00028864563784265513]], "quat": [0.006384119055792392, 0.7071800095045129, 0.00600006753720212, 0.7069792616269786]}, {"euler": [88.38788604736328, 89.1001968383789, 88.3978500366211], "matrix": [[0.00043906716843298047, -0.00017735079578712413, 0.9999998878833521], [0.015697743085769267, 0.9998767683136658, 0.00017043659605081018], [-0.9998766864379002, 0.015697666492677308, 0.0004417970686737304]], "quat": [0.005488665277040505, 0.706929258143373, 0.005611630479972966, 0.7072407002836397]}, {"euler": [178.71688842773438, 89.97843170166016, 178.7694091796875], "matrix": [[-0.00037635098942386273, -0.000916658332617935, 0.9999995090485965], [8.084457602931419e-06, 0.9999995798331345, 0.0009166614400983153], [-0.9999999291472845, 8.429440073803311e-06, -0.00037634342060828844]], "quat": [-0.0003211689780073298, 0.7072397532384557, 0.00032700752323951, 0.7069736355450432]}, {"euler": [90.48854064941406, 84.00196838378906, 88.51588439941406], "matrix": [[0.002706382140058098, 0.03428076129236999, 0.9994085775602126], [0.10445924335969377, 0.9939348898261178, -0.034375881996880304], [-0.9945254858335366, 0.10449049809221275, -0.0008909747521892848]], "quat": [0.04914892436801027, 0.705712314338897, 0.024838243102295512, 0.706355133274684]}, {"euler": [-179.96319580078125, 83.98469543457031, -179.91941833496094], "matrix": [[-0.1047940076669408, -0.0007675976816256125, 0.994493653449282], [-0.00014738400041717202, 0.9999997031312037, 0.0007563170373901939], [-0.9944939387623525, -6.731495961993789e-05, -0.10479408968848702]], "quat": [-0.0003077703455839862, 0.7432341152837765, 0.00023175809062101046, 0.669031315742353]}, {"euler": [88.94322967529297, 88.98912048339844, 94.97699737548828], "matrix": [[-0.0015305682885013536, -0.10510107397062192, 0.9944603670387955], [0.01757574235520512, 0.9943050944062138, 0.10511171446852802], [-0.9998443632092835, 0.017639259850452133, 0.00032537755076949133]], "quat": [-0.03097966976306865, 0.70631265830791, 0.04344781764673828, 0.7058859510693781]}, {"euler": [-177.07557678222656, -61.1284294128418, 24.611724853515625], "matrix": [[0.4389816315867859, 0.45654284610988866, 0.773862879840664], [0.2010901549779197, -0.8893603225316548, 0.41061047998967004], [0.8757042175873996, -0.024634252013680216, -0.48221911713179394]], "quat": [-0.8382364032971598, -0.1961358986859324, -0.49197550086693215, 0.12980966058361862]}, {"euler": [138.79367065429688, -7.190073490142822, -102.64459228515625], "matrix": [[-0.21718135061012908, -0.7160461971428922, -0.6634079472725379], [-0.9680738081523512, 0.24514284443555795, 0.05232674069200546], [0.12516134753415187, 0.6535922500911758, -0.7464260229280523]], "quat": [0.5665910844432617, -0.7430932340517136, -0.23749341214364184, 0.2652995810858814]}, {"euler": [-136.67575073242188, 70.71526336669922, -96.11895751953125], "matrix": [[-0.03520374017347697, -0.6543052189607181, 0.7554107340504009], [-0.3283813589515107, 0.7214819247092285, 0.6096142349150213], [-0.9438889658063377, -0.22660210228202748, -0.2402604991887101]], "quat": [-0.34769772587191483, 0.7065667279301042, 0.1355187406556181, 0.6012523774063271]}, {"euler": [117.21117401123047, -34.610511779785156, -134.27052307128906], "matrix": [[-0.5745151333201973, 0.02517664185256206, -0.8181066545940718], [-0.5893337958169232, 0.6808985139565703, 0.4348136276610376], [0.5679947523473199, 0.7319449094001285, -0.37634905461438956]], "quat": [0.17387884240011928, -0.81113542363331, -0.35960657834265125, 0.4272102310402876]}, {"euler": [-17.432132720947266, -40.50537109375, -107.9762954711914], "matrix": [[-0.23466035616220282, 0.8474466727312382, 0.4762023247765403], [-0.7232282898619331, -0.47953094096110593, 0.4969818079209134], [0.649519328418494, -0.2277810649235571, 0.7254243092653282]], "quat": [-0.3603631069954216, -0.08617584629083799, -0.7809634444691756, 0.5028004107352189]}, {"euler": [15.142423629760742, -4.936227798461914, 110.56039428710938], "matrix": [[-0.3498919637479225, -0.8958997753186758, 0.273750262627397], [0.9328298593558216, -0.36004623064697955, 0.01397015716089719], [0.08604688953600059, 0.2602504647082273, 0.9616993440885416]], "quat": [0.11006239458883715, 0.08388442795358586, 0.8172572328348406, 0.5594106608060039]}, {"euler": [-11.94430160522461, 61.951995849609375, 31.514371871948242], "matrix": [[0.400859280031117, -0.667109496863217, 0.6279146094875], [0.2457852132043168, 0.7385761055522159, 0.6277698346348207], [-0.8825539454237586, -0.09731523776997715, 0.4600307358369979]], "quat": [-0.22486242385173152, 0.4684245109097358, 0.2831057003371995, 0.8061429962203248]}, {"euler": [-167.27847290039062, -49.51887130737305, 113.32257843017578], "matrix": [[-0.2570221197976909, 0.829434368797052, -0.49596195196097187], [0.5961519126935564, 0.5400005748719499, 0.594139946586474], [0.7606198307476054, -0.14296155775662067, -0.6332609778576954]], "quat": [-0.4572303257626441, -0.7794683560811395, -0.1447070895533851, 0.40302527129714943]}, {"euler": [59.71493148803711, 30.215625762939453, 134.51699829101562], "matrix": [[-0.6058648681032953, -0.6642786441825544, 0.43779178210784625], [0.6161668026010917, -0.04370675163730422, 0.7864020544439482], [-0.5032556338189608, 0.7462061395782685, 0.43578683353811165]], "quat": [-0.022666329631731763, 0.530653201942634, 0.7220385123521306, 0.4433438884764039]}, {"euler": [-153.97671508789062, -4.226100921630859, 111.08985137939453], "matrix": [[-0.35885317307655606, 0.8267901668484382, -0.4331771233290359], [0.9304804209000749, 0.353516253092808, -0.09608561349567908], [0.07369251315097491, -0.437543459329417, -0.896172491601667]], "quat": [-0.5440135718509932, -0.8075490569883403, 0.16520020307348363, 0.15691605113450377]}, {"euler": [-164.34153747558594, 6.480913162231445, 121.4521255493164], "matrix": [[-0.5184514776335831, 0.8373127364631776, -0.17353802665727047], [0.8476248740616281, 0.47643271351174027, -0.23354644584717885], [-0.11287222072575456, -0.2681776479358138, -0.9567343471079375]], "quat": [-0.49036979820402227, -0.8590137569115615, 0.146017479273806, 0.017655656106611597]}, {"euler": [141.8675994873047, 53.69626998901367, -66.56925201416016], "matrix": [[0.23542918985147104, -0.5238507991863679, -0.8186289982389358], [-0.5432447180403627, -0.7693665623531513, 0.3360956248661107], [-0.8058897399068478, 0.36558915865312286, -0.46571052617283076]], "quat": [0.7858922124530585, -0.33945352184364225, -0.5167753008631627, 0.00938218158917491]}, {"euler": [-50.22297668457031, 2.7543387413024902, 172.40072631835938], "matrix": [[-0.9900721135076535, -0.04800291430418614, -0.1321095389167381], [0.13209105033950302, -0.6390662431953501, -0.7577244164129784], [-0.048053766498528064, -0.7676523021697301, 0.6390624214416134]], "quat": [-0.049828978130409256, -0.4218837069829463, 0.9039082887860661, 0.04980980008645356]}, {"euler": [-122.44435119628906, 28.054399490356445, -114.07731628417969], "matrix": [[-0.360033264625923, -0.32788108734671256, 0.8734243189441988], [-0.8057200919547863, 0.5812356913289164, -0.11393070062879117], [-0.4703096658406785, -0.7447543646637689, -0.4734445633134836]], "quat": [-0.3647518359647571, 0.7769674251968873, -0.27629377932896126, 0.4323649683396857]}, {"euler": [-69.52916717529297, -22.772857666015625, 97.38936614990234], "matrix": [[-0.11858584027752397, -0.393465055608657, -0.9116592831209204], [0.9143890713950269, 0.31464389401221216, -0.25473878007514394], [0.3870788351214961, -0.8638196976080764, 0.322467836264762]], "quat": [-0.24713479593407217, -0.5269634470304781, 0.5306622707829515, 0.6161424125150472]}, {"euler": [-140.9108123779297, -1.822855830192566, -39.73638916015625], "matrix": [[0.7686045629919652, -0.48074510454794567, 0.42205588516346426], [-0.6389328473445579, -0.6096877578683052, 0.4690902413072509], [0.03180946922076006, -0.6302102683697749, -0.7757726311936958]], "quat": [-0.8879843681132521, 0.3152301977656271, -0.12777965769503813, 0.3094932042589805]}, {"euler": [-122.93342590332031, -11.653656005859375, -132.06468200683594], "matrix": [[-0.6561587284165415, -0.5171935908218361, 0.5495147975583573], [-0.7270857381062269, 0.2383772119431762, -0.6438343220648627], [0.20199517955958873, -0.8220018822600185, -0.5324573719986196]], "quat": [-0.3993499191307361, 0.778940516400055, -0.47045832559184925, 0.11153599366125616]}, {"euler": [-76.28743743896484, -8.166744232177734, -59.84632110595703], "matrix": [[0.4972269407918593, 0.2742967312678248, 0.8231200839285577], [-0.8559123265703941, -0.00025494323583085977, 0.5171208990447029], [0.14205442117591496, -0.9616450687336433, 0.23464718878487031]], "quat": [-0.5618795901353821, 0.2587812431318389, -0.42944009804303385, 0.6579550110647572]}, {"euler": [-43.26850128173828, 73.15843963623047, 154.45028686523438], "matrix": [[-0.261394217136272, 0.277822348210907, -0.9243850962030342], [0.12495716050422438, -0.9398826085709449, -0.3178150250453828], [-0.9571095920982282, -0.19858354649983798, 0.21096398691034848]], "quat": [-0.6057071083709362, -0.16624351239595675, 0.7765695095446327, -0.04921168866014332]}, {"euler": [155.26622009277344, -12.061656951904297, -100.66513061523438], "matrix": [[-0.18098287308512442, -0.8763912299364229, -0.4462999123239638], [-0.9610302673469239, 0.2540115315302851, -0.10908238672095184], [0.20896417131401754, 0.4091656803058671, -0.8882102347794035]], "quat": [0.6027470095662014, -0.762103116283291, -0.09843920303344078, 0.21495256666632134]}, {"euler": [-133.46456909179688, -18.610258102416992, 73.95975494384766], "matrix": [[0.26186446265813074, 0.7251247721014469, -0.6368838733094073], [0.910814849827747, 0.03252919242396959, 0.41153148236010234], [0.3191289904255446, -0.6878487599211538, -0.6519361709131528]], "quat": [-0.6857972442980713, -0.5963641716013361, 0.11583412062594825, 0.40076722800428294]}, {"euler": [47.811241149902344, 26.827411651611328, -110.67745971679688], "matrix": [[-0.31510192676826215, 0.5102397258210878, -0.8002288409829718], [-0.8348862216572883, -0.5499854622003767, -0.02193144443614471], [-0.4513045231700502, 0.6611893931108238, 0.5992935956640905]], "quat": [0.3986194738619854, -0.20360677107097588, -0.7849173498898991, 0.42842916762734884]}, {"euler": [-27.693870544433594, -22.926809310913086, -97.54591369628906], "matrix": [[-0.1209467333302336, 0.854000467538416, 0.5060188624358904], [-0.9130272922308388, -0.29575374713532343, 0.28091081270936863], [0.3895549400769655, -0.42803378663323105, 0.8154961840266634]], "quat": [-0.29971270818002804, 0.049236171074340335, -0.7470268844714059, 0.5913534695004982]}, {"euler": [113.07891082763672, -27.501989364624023, 73.43477630615234], "matrix": [[0.25288811638448344, 0.25460956713325855, 0.9333925052815255], [0.8501807903781385, -0.5189508047493877, -0.08878449144961365], [0.46177941082676216, 0.8160049206801253, -0.34770065453247406]], "quat": [0.7279319294526009, 0.3794277709257069, 0.4791560376934716, 0.31073970501957976]}, {"euler": [-138.5666046142578, 4.350523948669434, -26.80585289001465], "matrix": [[0.8899680174033071, -0.38290731880742657, 0.24766694006858217], [-0.44966930971188573, -0.6465216412618826, 0.6162850633296881], [-0.07585802464118789, -0.6598422179458885, -0.7475652530139343]], "quat": [-0.9060980785322199, 0.22971482012962538, -0.047403509481475224, 0.35209413625033936]}, {"euler": [-13.678058624267578, -17.443037033081055, -112.76409912109375], "matrix": [[-0.3691447127057515, 0.8685275149376396, 0.3307448213920162], [-0.8797031532875218, -0.44132536333319466, 0.1770714143356146], [0.2997574739308086, -0.22559228593875333, 0.9269593180650101]], "quat": [-0.19053958418294162, 0.01466314519080747, -0.82725893680636, 0.5283202726628196]}, {"euler": [-158.48684692382812, -47.15752410888672, 2.4828531742095947], "matrix": [[0.679346714783883, 0.3089348143285777, 0.6656179997627111], [0.02945722610746241, -0.9178118410777614, 0.39592132578014017], [0.7332259630853227, -0.2493605920614107, -0.6326128217040684]], "quat": [-0.8985782349864858, -0.09414651592388318, -0.3891825743111483, 0.179528585469037]}, {"euler": [73.53668975830078, 15.048653602600098, -18.64591407775879], "matrix": [[0.9150182268808127, 0.3265339491811097, -0.236890743821032], [-0.3087541729560077, 0.188918127757112, -0.932191397561144], [-0.25963918263263924, 0.9261131253993411, 0.2736822497074281]], "quat": [0.6025814985162323, 0.007376502709128152, -0.2060011499176056, 0.7709764270626814]}, {"euler": [-58.35720443725586, 70.79969024658203, -1.7259613275527954], "matrix": [[0.32872254819440416, -0.787813524005504, 0.5208563503525777], [-0.009905338371808979, 0.5485991010042299, 0.836026860004564], [-0.94437459229922, -0.27998013817301437, 0.17253333489010794]], "quat": [-0.38974033416496245, 0.5116989392992031, 0.27166693104400563, 0.7158657318395577]}, {"euler": [118.66094207763672, -24.260183334350586, 8.79539966583252], "matrix": [[0.9009681712092411, -0.28295950515611556, 0.3289228981230746], [0.1394031696724979, -0.5291138178661744, -0.8370216986604003], [0.41088089606738476, 0.7999828036807338, -0.4372692569367025]], "quat": [0.8466627495662187, -0.04238887784928759, 0.21844701286595292, 0.48336970747202507]}, {"euler": [-20.907068252563477, 6.599578380584717, 43.11311340332031], "matrix": [[0.7251685725773362, -0.6683832301072109, -0.16551253444256075], [0.6789121247138338, 0.6539126036188739, 0.33388116710131094], [-0.11492984061024618, -0.3544885957824832, 0.92797034823181]], "quat": [-0.18926543578176946, -0.013907577158941802, 0.3704352750601648, 0.9092650224807974]}, {"euler": [-45.26334762573242, 10.693806648254395, -15.137099266052246], "matrix": [[0.9485391856260189, 0.05655657216166803, 0.31156823887753743], [-0.2565945274430641, 0.7138485320259228, 0.6515976686657995], [-0.18556039938036023, -0.6980126270131196, 0.6916254121358208]], "quat": [-0.36846480207215004, 0.13572392407391068, -0.08549516723750947, 0.9156982485769756]}, {"euler": [-74.6391830444336, 31.230426788330078, -160.9261474609375], "matrix": [[-0.8081430659325785, 0.559075375174049, 0.18530922766848099], [-0.27943166546020215, -0.08697337951695633, -0.9562183723363287], [-0.5184811754762464, -0.8245425132334878, 0.22651029678002266]], "quat": [0.11436784601053245, 0.6112813160966888, -0.7282902481548064, 0.28783408907324026]}, {"euler": [89.79966735839844, -4.933742046356201, -15.12020492553711], "matrix": [[0.9618037971482403, -0.08211373889508286, -0.2611336624717251], [-0.2598784817163104, 0.025808897756289997, -0.9652963666861233], [0.08600366580589477, 0.9962887305802849, 0.0034835020701066933]], "quat": [0.6950739883857407, -0.12300568943949605, -0.06298969591444399, 0.7055310405954222]}, {"euler": [-68.37449645996094, -24.4326171875, -81.03819274902344], "matrix": [[0.14182604460590534, 0.4239366915339465, 0.8945183366721419], [-0.8993339518880933, -0.3224055500282906, 0.29538636443190824], [0.4136227944066773, -0.8463641904536173, 0.3355351562280839]], "quat": [-0.5312006302721487, 0.2237371499872787, -0.6156530397980808, 0.537344314849822]}, {"euler": [32.357513427734375, -55.40131378173828, -83.11933898925781], "matrix": [[0.0680264118032587, 0.7858625154725417, -0.614648284852681], [-0.5637353021570907, 0.5385766283361033, 0.6262090102449568], [0.8231493888711982, 0.3039001845759291, 0.47965587812064703]], "quat": [-0.11157274011436252, -0.4977183788077846, -0.4671864825691356, 0.7221943848888623]}, {"euler": [-8.427789688110352, 18.30862808227539, -178.66355895996094], "matrix": [[-0.9491199311168168, 0.06909937554040899, -0.30724034998146704], [-0.022142519554685602, -0.9878584655421191, -0.15377048118719078], [-0.3141354249118988, -0.13914355305473322, 0.9391261930426206]], "quat": [0.157807114369633, 0.0743896372690396, -0.9843912572881726, 0.02317216208991184]}, {"euler": [11.281535148620605, 2.288364887237549, -74.31649017333984], "matrix": [[0.2701077881963922, 0.9462782930025497, -0.17776156769064044], [-0.9620018019506051, 0.2575796361020256, -0.09058291289938256], [-0.03992888427494559, 0.1954740986875992, 0.979895688807145]], "quat": [0.09032228862138873, -0.04352056725988482, -0.6025380204826761, 0.7917675026650126]}, {"euler": [-168.63687133789062, -46.833621978759766, -83.53166961669922], "matrix": [[0.07706877367586078, -0.9579682537338662, 0.2763281182981315], [-0.6797643046154358, -0.2532362338147377, -0.688325431793727], [0.7293702038709781, -0.1347895942623713, -0.6707092298334602]], "quat": [-0.7072860519839301, 0.5788791372866321, -0.35547792839549713, -0.1956548683445309]}, {"euler": [-21.532779693603516, 39.42612838745117, -124.2239761352539], "matrix": [[-0.4344452613723436, 0.9002383059040203, -0.02878033102963889], [-0.6386917164897442, -0.33044133387520824, -0.6948966945914747], [-0.6350828340921365, -0.2835128170821078, 0.7185334205112989]], "quat": [0.2106315811978143, 0.31043135593309373, -0.7879435283950955, 0.4882742122168001]}, {"euler": [81.9005355834961, 49.574859619140625, 26.507362365722656], "matrix": [[0.5802865719291426, 0.6115514103763521, 0.5378404660356257], [0.2894133192504829, 0.4624492471003172, -0.8380815142316219], [-0.7612538506169559, 0.6419856433932497, 0.09136196472172171]], "quat": [0.506575601491797, 0.4446348812366876, -0.11025668425572006, 0.730427577476231]}, {"euler": [-59.66905975341797, 1.9410033226013184, -90.30286407470703], "matrix": [[-0.0052829177678737965, 0.5051412678777737, 0.8630205039665589], [-0.9994122700224518, 0.026564556440429564, -0.02166653801818192], [-0.033870419371894056, -0.8626277434838036, 0.5047040428445303]], "quat": [-0.34038525340677084, 0.3630232194239692, -0.6089791466405017, 0.6176539649182797]}, {"euler": [-54.30995178222656, 42.55607604980469, -1.2998628616333008], "matrix": [[0.7364262177288836, -0.535914190395575, 0.4128830420036474], [-0.01671008517183004, 0.5957106302877064, 0.8030252910187655], [-0.6763114658905913, -0.598268188603471, 0.42974175455736274]], "quat": [-0.42159632140348846, 0.32769751982638645, 0.15620891983236135, 0.8309450346704577]}, {"euler": [115.95809936523438, 31.884204864501953, 136.15599060058594], "matrix": [[-0.6124075138427355, -0.03931978806963341, 0.7895637980905145], [0.5881813354929388, 0.6446646695312145, 0.4883136086942005], [-0.528204272575206, 0.7634536122937458, -0.37167032207176337]], "quat": [0.1692617342297229, 0.8106698627440324, 0.3860286654640292, 0.4063824656701847]}, {"euler": [-150.77230834960938, -13.463974952697754, 41.897464752197266], "matrix": [[0.7238840036914536, 0.6674025285396324, -0.17483081564340125], [0.6494461548758271, -0.5736550552319724, 0.4991388279064314], [0.2328339346328946, -0.47486181411617845, -0.8487017240336309]], "quat": [-0.8868822896750528, -0.37120165177104375, -0.01635028674739499, 0.27455747323003726]}, {"euler": [62.399147033691406, 50.88279724121094, 1.4584420919418335], "matrix": [[0.6307043991914353, 0.6755470906559956, 0.38190062731918917], [0.01605780687886648, 0.480658873272985, -0.8767606254743567], [-0.7758570149704205, 0.5591092700449207, 0.2923058611643362]], "quat": [0.4630711783176842, 0.373379369046153, -0.2126867348354827, 0.7751885470046556]}, {"euler": [3.8123672008514404, 36.64692687988281, 108.1739501953125], "matrix": [[-0.2502487663140841, -0.9603897524791366, -0.12258498395538461], [0.7623038684706535, -0.27350630610440574, 0.5865893901493615], [-0.596882205357938, 0.053346263732205995, 0.800553439236169]], "quat": [-0.23595767658319194, 0.20987437967359757, 0.762284151687325, 0.5649775143352342]}, {"euler": [-50.297550201416016, 17.01433563232422, 23.726154327392578], "matrix": [[0.875409941068547, -0.46313032758504696, -0.13844758845617403], [0.3847548013602718, 0.494225361819086, 0.7795543820446468], [-0.29261096682896365, -0.7356980300406958, 0.6108414120585298]], "quat": [-0.4388459773060849, 0.04464865253288518, 0.24556369294487365, 0.8632028607091966]}, {"euler": [2.2833404541015625, 35.68985366821289, -116.09517669677734], "matrix": [[-0.3572514081358886, 0.887127688416242, -0.2921915396279975], [-0.7293962663699789, -0.46038830218270477, -0.5059878435485], [-0.5833973928553842, 0.032358548462213685, 0.8115419929682992]], "quat": [0.26999763937788274, 0.1460488899177983, -0.8107375813552269, 0.4984732396653068]}, {"euler": [-3.4072256088256836, 29.06800079345703, 91.66381072998047], "matrix": [[-0.02537776646644106, -0.9969731019456153, -0.0734887948337202], [0.8736752028699809, -0.05784640128808076, 0.48305841649651016], [-0.4858473102315915, -0.05194639405152367, 0.8724986895610626]], "quat": [-0.19998121490566126, 0.15413685122099915, 0.6992358073846734, 0.6688188323093446]}, {"euler": [13.284958839416504, -31.401493072509766, -67.84259796142578], "matrix": [[0.32191354367500635, 0.8562102283371308, -0.4040738983026233], [-0.7905045580440851, 0.4779476440561062, 0.38297335841118724], [0.5210318743705857, 0.1961379474556022, 0.8306959079336904]], "quat": [-0.057597724966377994, -0.2851921249120537, -0.5076501551764212, 0.8109496124397624]}, {"euler": [6.130300045013428, -15.544717788696289, -145.84742736816406], "matrix": [[-0.7972752601265585, 0.5818715111533652, 0.16055436493047193], [-0.5408634900250944, -0.8067468563737892, 0.23796259136444708], [0.26799038181995, 0.10288369277542182, 0.957912366040281]], "quat": [-0.11353328829791436, -0.09029955386446811, -0.943654396818643, 0.29744337677108107]}, {"euler": [-66.43171691894531, 14.557075500488281, -133.59141540527344], "matrix": [[-0.6673761730895273, 0.4484437477394596, 0.5945647556875236], [-0.701024310456043, -0.10883804036420189, -0.7047830851540845], [-0.2513443051712258, -0.8871597861056755, 0.387005883902203]], "quat": [-0.11667902914884849, 0.5411867165829004, -0.7353944685262346, 0.39076580916466885]}, {"euler": [79.90774536132812, 8.814512252807617, 143.5095977783203], "matrix": [[-0.7944614424521981, -0.22549833479216072, 0.5638984992556151], [0.5876646177590306, -0.051162540014108755, 0.8074854125824421], [-0.1532361363742403, 0.9728992216592974, 0.17316405806006024]], "quat": [0.14451387433552032, 0.6265251081118036, 0.7104203052641385, 0.286155585125362]}, {"euler": [1.1858404874801636, 49.83839797973633, 62.68833541870117], "matrix": [[0.29592071426723526, -0.8810766948507176, 0.36896448156767747], [0.5730496021182196, 0.47278505205899524, 0.6693940902500733], [-0.7642284242160321, 0.013347372045044898, 0.6448075397200096]], "quat": [-0.21114457279801824, 0.36471111789735394, 0.46800154203639627, 0.7767743086067922]}, {"euler": [-56.96542739868164, 16.622116088867188, -126.79010772705078], "matrix": [[-0.5738592569038882, 0.5801925139987014, 0.5779811415310918], [-0.7673696806117722, -0.13442748288484674, -0.6269553613480238], [-0.28605825725453915, -0.803309341751427, 0.522364599596283]], "quat": [-0.0977287398679064, 0.47881812163460313, -0.746768260470579, 0.4511313167492222]}, {"euler": [74.98023223876953, -15.698678016662598, 72.6939468383789], "matrix": [[0.2863792974725758, -0.3251609232641243, 0.9012531675179489], [0.9191160521924082, -0.1724120409598872, -0.354259468094063], [0.2705782337538558, 0.9298088309507866, 0.24948538495185513]], "quat": [0.5498422395288961, 0.27005706647655137, 0.5328034648064816, 0.5838348742291231]}, {"euler": [171.23855590820312, -16.134225845336914, 119.44453430175781], "matrix": [[-0.47221904299875583, 0.8814780672781702, -0.0023648122296208293], [0.8365328092851594, 0.448983817974138, 0.3140483882888844], [0.27788852876435716, 0.14632138635520203, -0.9494040327891351]], "quat": [0.5070012751010202, 0.8471432720859603, 0.13585947909097373, -0.0827054142517998]}, {"euler": [61.3440055847168, 48.264320373535156, -52.475860595703125], "matrix": [[0.4054720196628195, 0.7791787419219784, -0.477988419741982], [-0.5279607091779801, -0.2272459103247585, -0.8183011583793319], [-0.7462237806682649, 0.5841573284463312, 0.31923390294203824]], "quat": [0.573036653942298, 0.10959946061726744, -0.5340898317708308, 0.611853743201776]}, {"euler": [-154.0271759033203, 3.891596794128418, 177.54721069335938], "matrix": [[-0.9967801799717422, 0.06816946993235357, 0.04221606548037154], [0.042697497298438004, 0.8969061999288002, -0.44015473671622457], [-0.06786896595610512, -0.4369349973376143, -0.8969289891410734]], "quat": [-0.028471956556105623, -0.9734751369502993, 0.22524708150266262, -0.028271146138706425]}, {"euler": [24.147493362426758, 40.554229736328125, 42.74651336669922], "matrix": [[0.5579629666680638, -0.4240393237794027, 0.7133498298280309], [0.5157126972890436, 0.8506357736913969, 0.102270202753777], [-0.6501674720268872, 0.3108205791210521, 0.6933057232657331]], "quat": [0.0592061434965455, 0.3870940078836148, 0.26678970318692624, 0.880611217227159]}, {"euler": [6.1786041259765625, 11.93917179107666, -99.3948745727539], "matrix": [[-0.15970651311406153, 0.9772213606108447, -0.13975779776040115], [-0.9652447054955408, -0.1842562073424971, -0.18534375783550253], [-0.20687312097460797, 0.1052998690485786, 0.9726846608210583]], "quat": [0.11386947945715875, 0.02629469980103416, -0.7610268361361537, 0.6381069542726555]}, {"euler": [-140.26095581054688, 57.84653091430664, 31.813810348510742], "matrix": [[0.45223584131255035, -0.05456039931106247, -0.8902280082424655], [0.2805490342332512, -0.9387602102948961, 0.2000537601692916], [-0.8466256452666195, -0.3402240884977133, -0.4092341461593598]], "quat": [-0.8366944181968119, -0.06752424481605376, 0.5189629617860474, 0.16143224961132638]}, {"euler": [21.065065383911133, -13.835121154785156, -110.42040252685547], "matrix": [[-0.3387832871462163, 0.9045185171653161, -0.25898288834489036], [-0.9099688730642832, -0.24504113906951663, 0.33453174769763167], [0.2391286984126381, 0.34900013218990533, 0.9060995383107232]], "quat": [0.006291136872157654, -0.2165886710829864, -0.7889746454301393, 0.5749511092464711]}, {"euler": [-157.96653747558594, -5.199779510498047, -175.24710083007812], "matrix": [[-0.9924602095820751, -0.11068933015966875, -0.05263653279906661], [-0.0825176494723396, 0.9209602435900259, -0.3808189428746422], [0.09062874776727009, -0.37360420489523904, -0.9231502197165598]], "quat": [-0.0493197894978746, 0.9793582940998484, -0.19258098703888793, -0.036571212351352786]}, {"euler": [82.42353057861328, 46.21495056152344, 174.13446044921875], "matrix": [[-0.6883320606892261, -0.7253655918820401, 0.006613043243580027], [0.07071380761803604, -0.058024895339805684, 0.9958075461317635], [-0.7219408089583821, 0.6859138937464545, 0.0912337586976146]], "quat": [-0.2638461085334428, 0.6202969866628013, 0.6777888156953179, 0.29363106216329654]}, {"euler": [-163.49148559570312, -31.77130889892578, 171.69955444335938], "matrix": [[-0.8412507892404417, -0.009637507892899744, -0.5405591808895195], [0.12273189900449902, 0.9703333924697153, -0.20830263662508658], [0.5265301421277641, -0.24157861225660626, -0.8151109025961367]], "quat": [-0.029693100570586384, -0.9521941876931267, 0.11811699091852697, 0.28016588864150505]}, {"euler": [-164.0498046875, 36.94773864746094, -2.1713664531707764], "matrix": [[0.7986102794544329, -0.20149067303519252, -0.5671182682911371], [-0.030279825726642316, -0.9545521596887968, 0.2965017817609505], [-0.6010863113594229, -0.21961712846059908, -0.7684162694679518]], "quat": [-0.9382934920123849, 0.061753198955038585, 0.3112577753110805, 0.1375153175992446]}, {"euler": [-43.115867614746094, -23.90795135498047, -13.396852493286133], "matrix": [[0.88932112907941, 0.43858464079917286, -0.12942736274831604], [-0.21181455148123135, 0.6459320997092611, 0.7334209693934243], [0.4052684605958481, -0.6248321658015422, 0.6673396731995078]], "quat": [-0.3794895769881701, -0.14939151367325343, -0.1817184941130352, 0.8947894866934036]}, {"euler": [43.17273712158203, 74.99195098876953, -175.75389099121094], "matrix": [[-0.25824396256011223, -0.6050502970502768, -0.753142877441341], [-0.019173207164557123, -0.7762232238666168, 0.6301665612019893], [-0.9658894574061132, 0.1771768742513747, 0.18885420647217843]], "quat": [0.5764384301107808, -0.27072427496500784, -0.7455403062375144, -0.19646056859167005]}, {"euler": [-117.82949829101562, 3.941807985305786, 7.13083028793335], "matrix": [[0.9899179662366236, -0.0023706329617513276, -0.141622032965593], [0.12384176592541166, -0.47077760812860175, 0.8735168348104049], [-0.0687432697390981, -0.8822487312453747, -0.46573762901606325]], "quat": [-0.8553410435874816, -0.035503713365076184, 0.06148579688821386, 0.5131770476872379]}, {"euler": [148.55810546875, -52.81880569458008, -67.9901123046875], "matrix": [[0.2264855609065629, -0.9467430156710656, -0.22887104006163922], [-0.5602930295190874, 0.06557151471397979, -0.8256949179511993], [0.796728317416397, 0.315242825035196, -0.5156025111368895]], "quat": [0.6474018376034842, -0.5819554246126387, 0.21928315783625976, 0.4405832964615356]}, {"euler": [-49.27652359008789, 24.83855628967285, 166.52796936035156], "matrix": [[-0.8825241612681389, 0.1575998144125161, -0.44307268396405053], [0.21141971714104857, -0.7086237815172282, -0.6731671705246934], [-0.4200628619408837, -0.6877605940771565, 0.5920579002535732]], "quat": [-0.24188929285704008, -0.3813929992466226, 0.8920770486677342, 0.015082750646065103]}, {"euler": [1.7313276529312134, -4.946876049041748, -56.1533088684082], "matrix": [[0.5548979329409267, 0.8287006290257285, -0.07309959965860699], [-0.8274371990046127, 0.5588821375179088, 0.05475799546015308], [0.08623204579092253, 0.03010022949704872, 0.9958202701607038]], "quat": [-0.006991517401715528, -0.04517724653041147, -0.46958497625612666, 0.8817029460962943]}, {"euler": [-169.2736053466797, 5.9181952476501465, 93.14757537841797], "matrix": [[-0.05461527370296492, 0.9820986501089004, -0.18027593664331856], [0.99316958589781, 0.034787017007275385, -0.11137341287447332], [-0.10310841636802785, -0.18512726677075722, -0.977290412094617]], "quat": [-0.6870022054885225, -0.718799816152741, 0.10312352374830942, 0.026839016420565222]}, {"euler": [-173.7752227783203, 71.51465606689453, -77.80445098876953], "matrix": [[0.06697900227457894, -0.9933932718149937, -0.0931859472613968], [-0.3099067089354543, -0.10948929282994564, 0.9444415950774266], [-0.9484047896394754, -0.03437880551008563, -0.3151927231403069]], "quat": [-0.6106678758222082, 0.5335551583566085, 0.4264145774405056, 0.4007171653124952]}, {"euler": [-62.38336181640625, 45.55598068237305, 145.32469177246094], "matrix": [[-0.5758468961207092, 0.2565126889271666, -0.776274173631649], [0.39836825661158093, -0.7411208866777855, -0.5404096256120743], [-0.7139349300548297, -0.6204361947447032, 0.32458564955696656]], "quat": [-0.45844529144711194, -0.35712055383510094, 0.8126428231940926, 0.043640195801782584]}, {"euler": [168.18264770507812, 20.888643264770508, -147.56895446777344], "matrix": [[-0.788563243137623, -0.5865489501993959, 0.1847385736446509], [-0.501037021723098, 0.7869893179559009, 0.3600134945889578], [-0.35655282138151895, 0.19133254413008866, -0.9144735879846864]], "quat": [0.2910846212406121, -0.9340805839270788, -0.14756383127060282, -0.14487277766508713]}, {"euler": [-154.09217834472656, -18.64237403869629, 9.42621898651123], "matrix": [[0.93473803348427, 0.2850989730640712, 0.2120928671968277], [0.15518437749166947, -0.8644781428195559, 0.47811646025814064], [0.31966015976421314, -0.4140001402717916, -0.852303505867748]], "quat": [-0.9554474975334298, -0.11520343914562814, -0.13913716565635662, 0.2334289960549921]}, {"euler": [129.1747283935547, -37.83250045776367, -14.175971031188965], "matrix": [[0.7657561231898243, -0.6157084297274091, 0.18579744174745366], [-0.19342441513419978, -0.4960042001725419, -0.8465027046862812], [0.6133551625504452, 0.6122768679068358, -0.49891129632321607]], "quat": [0.8307634470301372, -0.24349074569726958, 0.24048741165573587, 0.43898764979611504]}, {"euler": [-46.23064041137695, -6.892635345458984, 163.48519897460938], "matrix": [[-0.9518172594562787, -0.27972812427822513, -0.12568246134176744], [0.28220859128985565, -0.6385846918431193, -0.7159384766485342], [0.12000923132548705, -0.7169112691480126, 0.6867576112175616]], "quat": [-0.001566937241799661, -0.39575085483028266, 0.905146336582787, 0.15520604040932465]}, {"euler": [1.2103841304779053, -75.73716735839844, -91.2239990234375], "matrix": [[-0.00526276376951737, 0.9999860630796337, -0.00042067089401649494], [-0.24631415143382066, -0.0008885957060136561, 0.9691896353145281], [0.9691757539894108, 0.00520423329281765, 0.24631539504239439]], "quat": [-0.4328135963940198, -0.4353328534067666, -0.5595683055977003, 0.5568132621370614]}, {"euler": [25.590238571166992, 19.470176696777344, -55.36994552612305], "matrix": [[0.5357786767541857, 0.8239375735417309, -0.18457541667757021], [-0.7757844740956317, 0.39406710457380617, -0.49281798551288797], [-0.3333161551555789, 0.4072321107169495, 0.8503307290186097]], "quat": [0.26989851942988213, 0.04460296739290655, -0.4797095339084418, 0.8336930655742858]}, {"euler": [-96.26541900634766, 24.05548667907715, -81.84981536865234], "matrix": [[0.12945590845633217, -0.1654747144177483, 0.9776805647317075], [-0.9039281850049123, 0.3856221966027241, 0.18495771906307434], [-0.4076211526889531, -0.9076968879398314, -0.09965618648570948]], "quat": [-0.45920853060981937, 0.5821989510966379, -0.31034887967223046, 0.5948575288616063]}, {"euler": [-77.9211196899414, 78.4876708984375, -146.04246520996094], "matrix": [[-0.1655409883760804, 0.9116574982450546, 0.3761340014689431], [-0.11148038356866966, 0.36165328675926317, -0.9256235867001253], [-0.9798817812608074, -0.1951602061635276, 0.04176348504802601]], "quat": [0.32826903593570567, 0.6093912515960739, -0.45979647309022587, 0.5562993311678545]}, {"euler": [76.25904846191406, -36.4752197265625, -53.963722229003906], "matrix": [[0.4730581832611454, -0.14763937989934436, -0.8685727193232592], [-0.6502425333315758, 0.6067004559386813, -0.45727366489918325], [0.5944750651593377, 0.7810999745658254, 0.19100321106480858]], "quat": [0.41089977983008685, -0.48544800484004647, -0.16676673219274113, 0.7534523625061897]}, {"euler": [-152.30523681640625, 43.89179229736328, 141.4597930908203], "matrix": [[-0.5636719571800292, 0.8037128704436061, 0.19057687837755807], [0.44901110708938513, 0.4918000754671849, -0.7460038280604435], [-0.693298601180761, -0.33493030268067764, -0.6380899168197453]], "quat": [-0.38164705035298363, -0.8206037334589331, 0.32931063029193985, -0.26927597435874706]}, {"euler": [-162.3414764404297, 11.274839401245117, -151.48080444335938], "matrix": [[-0.861699655634019, -0.4028445086066611, 0.3085287755877416], [-0.4682386054367184, 0.865572984824137, -0.17758382899721328], [-0.19551550286074612, -0.29748900791137156, -0.934491293866892]], "quat": [-0.22760637810084317, 0.9567868015296104, -0.12413236578647621, 0.131702349374666]}, {"euler": [0.9195841550827026, -39.4399299621582, -176.32167053222656], "matrix": [[-0.7707000815591016, 0.07432108644121162, 0.6328489238317402], [-0.04954623093224419, -0.9971573350955562, 0.056766363856928764], [0.6352688842413128, 0.012394562328959031, 0.7721915691973533]], "quat": [-0.3369961736945618, -0.018379181607134688, -0.9407508950104713, 0.03291714045408298]}, {"euler": [65.67704010009766, -32.70111083984375, -164.4850616455078], "matrix": [[-0.810836663531835, 0.5845368988467304, -0.02933460344386743], [-0.22509258749873845, -0.26518515176251944, 0.9375554182755345], [0.5402566354295749, 0.7668073090231579, 0.3465967667232035]], "quat": [-0.16412778672994477, -0.5475067910643009, -0.7782381675967772, 0.26008409766306795]}, {"euler": [103.2929458618164, -28.21678352355957, -152.49996948242188], "matrix": [[-0.7816026761413399, 0.30198002892100434, -0.5458070343826333], [-0.4068771289441561, 0.4164199697662032, 0.8130469917059376], [0.4728089028252918, 0.8575561036531568, -0.2026061956021088]], "quat": [0.03385095897668805, -0.7746981414573118, -0.539114206540003, 0.32871381854994874]}, {"euler": [11.881525039672852, -40.86619567871094, -118.07681274414062], "matrix": [[-0.35592785174669184, 0.9268169268453725, 0.11969021874775013], [-0.6672433934760547, -0.3417126461082205, 0.6618298280919931], [0.6542947487283877, 0.15570116121152539, 0.7400375194433311]], "quat": [-0.24786451688281116, -0.2618098958190562, -0.7806532548606717, 0.5104892314212952]}, {"euler": [-103.79467010498047, -50.217262268066406, 144.1339569091797], "matrix": [[-0.5185502653115349, -0.4651000941467385, -0.7174869509405949], [0.3748996297054177, 0.6304893231042435, -0.679656884831084], [0.7684763431570795, -0.6214218501760682, -0.15257455270022832]], "quat": [0.029727782815280407, -0.7585535810204851, 0.42880251559052884, 0.4897357718945187]}, {"euler": [149.41793823242188, -42.13827133178711, 94.70698547363281], "matrix": [[-0.06084978895714302, 0.8860087551451427, 0.4596583394109432], [0.7390269721879759, -0.26954949869868433, 0.6173995482100394], [0.67092208009764, 0.3772685430266386, -0.6383823375376337]], "quat": [0.6795369834084042, 0.5978466834808261, 0.41593778083933225, -0.08834361154964587]}, {"euler": [-165.70950317382812, -62.14363479614258, -78.64832305908203], "matrix": [[0.09197036184590676, -0.9071442173062503, 0.4106468331179044], [-0.458115934450028, -0.4047058013633726, -0.7914183501447313], [0.8841217354781586, -0.11533682564845196, -0.452798159784719]], "quat": [-0.6981178845642759, 0.48890745457996443, -0.4636640162156071, -0.24210865365462225]}, {"euler": [9.817070007324219, 29.159461975097656, -29.57986068725586], "matrix": [[0.7594528239118136, 0.5586567603606789, 0.3333677134272047], [-0.43107622792877587, 0.8159246221501032, -0.3852795046247716], [-0.48724192550217804, 0.1488947113651869, 0.8604799073542668]], "quat": [0.14409050489834807, 0.2213548570079403, -0.266974933885351, 0.9268032899995802]}, {"euler": [11.907995223999023, 13.234355926513672, 75.8082046508789], "matrix": [[0.2386573256785066, -0.9370360395574319, 0.2549630198097485], [0.9437328144612919, 0.2856894185354571, 0.16658310552346273], [-0.22893461033437454, 0.20086068980115404, 0.9524935314655174]], "quat": [0.010890083534253692, 0.15373561834480082, 0.5975254779613071, 0.7868990207897518]}, {"euler": [56.84124755859375, -41.377952575683594, 81.69772338867188], "matrix": [[0.10834941398212984, -0.6211343119236852, 0.7761781825333791], [0.7425016959965689, -0.4686029529330592, -0.