[{"euler": [0.0019004623172804713, 0.13220451772212982, 0.39463868737220764], "matrix": [[0.9999736175894088, -0.0068876134533061035, 0.002307575798997554], [0.006887671654833814, 0.9999762795590299, -1.7275867798854626e-05], [-0.0023074020727825613, 3.3169236441952985e-05, 0.9999973373941932]], "quat": [1.2611359240993518e-05, 0.0011537520777521338, 0.003443843991610304, 0.9999934042960773]}, {"euler": [175.59799194335938, 89.98355102539062, 175.6417999267578], "matrix": [[-0.0002862586320605178, -0.0007645903205808593, 0.9999996667287631], [2.18163376579219e-05, 0.999999707458003, 0.0007645965968391082], [-0.9999999587900207, 2.203520276305338e-05, -0.0002862418677572389]], "quat": [-0.0002625727012458279, 0.7072079269843171, 0.00027807656333708123, 0.7070055174746137]}, {"euler": [-11.199739456176758, 27.732725143432617, -43.28933334350586], "matrix": [[0.6442850318241828, 0.6068338720848507, 0.4654561735091923], [-0.6069170794657153, 0.7760133671974401, -0.171624335639496], [-0.46534767262780946, -0.17191831089618925, 0.8682716383474027]], "quat": [-8.105451935644381e-05, 0.2566401649322718, -0.33465401511328835, 0.9067207449607936]}, {"euler": [11.159921646118164, -27.63290786743164, -43.370277404785156], "matrix": [[0.6440153197684254, 0.6084697806371688, -0.46369040744329443], [-0.6083824751029447, 0.7748303340900448, 0.17178101571921292], [0.4638049502659363, 0.17147151199329053, 0.8691849565446627]], "quat": [-8.534301074691886e-05, -0.2557489285299924, -0.33553662344302765, 0.9066463768199723]}, {"euler": [-149.5135498046875, 89.98080444335938, -149.47021484375], "matrix": [[-0.0002885794438862368, -0.0007563622024119872, 0.999999672319008], [-0.00017018841518766847, 0.9999996995131464, 0.0007563131100863082], [-0.9999999438789023, -0.0001699701030034473, -0.0002887080812563261]], "quat": [-0.00032753786953940156, 0.7072087716930356, 0.0002072736618068149, 0.7070046697137162]}, {"euler": [90.97637176513672, 88.99778747558594, 90.94036102294922], "matrix": [[-0.000287056599732237, 0.0006310162592351018, 0.9999997597084658], [0.017488660682514187, 0.9998468657736009, -0.000625899543977368], [-0.9998470204716523, 0.01748847681154221, -0.00029804827078491064]], "quat": [0.006405581500766755, 0.7071831394066388, 0.005961177638409681, 0.7069762656735875]}, {"euler": [88.38761138916016, 89.10023498535156, 88.39757537841797], "matrix": [[0.00043912380271814654, -0.00017735109372924476, 0.9999998878584315], [0.015697075532999014, 0.9998767787938568, 0.00017043629992695452], [-0.9998766968931707, 0.0156969989300682, 0.00044185358686764874]], "quat": [0.005488429237810566, 0.7069292399887472, 0.005611394441064472, 0.7072407221348759]}, {"euler": [-179.5460205078125, 89.97927856445312, -179.49574279785156], "matrix": [[-0.0003616432618512958, -0.0008775119847147595, 0.9999995495933326], [-3.1828858854580254e-06, 0.9999996149821787, 0.0008775108910245293], [-0.9999999346020082, -2.865538550924804e-06, -0.0003616459156327126]], "quat": [-0.00031131639968191025, 0.7072345622492694, 0.0003091779584738854, 0.7069788408793956]}, {"euler": [90.4885482788086, 84.0019760131836, 88.51588439941406], "matrix": [[0.002706378710170514, 0.03428089473203491, 0.9994085729923715], [0.10445911097503817, 0.9939348991577586, -0.034376014465918814], [-0.9945254997477851, 0.10449036554930574, -0.0008909875367612849]], "quat": [0.04914892442661689, 0.7057123188637756, 0.024838149062026357, 0.7063551320566673]}, {"euler": [-179.99635314941406, 83.9844970703125, -179.95143127441406], "matrix": [[-0.10479751670261638, -0.0007843850258807516, 0.994493270582107], [-8.883521776325297e-05, 0.9999996923477718, 0.0007793668366322384], [-0.9944935759477127, -6.67031717681883e-06, -0.1047975541424414]], "quat": [-0.0002937226810078063, 0.7432352862978233, 0.0002599097936080065, 0.6690300108184075]}, {"euler": [88.94302368164062, 88.98910522460938, 94.97679901123047], "matrix": [[-0.0015305305392999471, -0.10510120652106746, 0.994460353088088], [0.017576012924874644, 0.9943050756929537, 0.10511184624434423], [-0.9998443585108301, 0.017639524909870807, 0.00032544588050522483]], "quat": [-0.030979621879718644, 0.7063126362227545, 0.04344795946546754, 0.7058859665403044]}, {"euler": [-154.14027404785156, -11.123178482055664, -11.482892990112305], "matrix": [[0.9615748906946715, -0.0966797667351985, 0.25695671287117255], [-0.19533565588723484, -0.8986043293749677, 0.39287942268292536], [0.1929189237079514, -0.42797579596583796, -0.8829603654427379]], "quat": [-0.9673597554054512, 0.07546712094200167, -0.11626378760985534, 0.21213804224900715]}, {"euler": [-178.89930725097656, 11.398935317993164, -151.49032592773438], "matrix": [[-0.8614033222721755, -0.47388289259732375, 0.18280951967020623], [-0.46789218068807337, 0.880386512762612, 0.07743704150241215], [-0.1976391247436031, -0.01883061999192587, -0.9800939669854631]], "quat": [-0.2440820210250416, 0.9646092216566575, 0.015189161630093408, 0.09860175392072552]}, {"euler": [-148.28599548339844, -38.66232681274414, -8.940240859985352], "matrix": [[0.7713548788428326, 0.19221796921231374, 0.6066827038883281], [-0.12134604652279432, -0.8913835822983416, 0.436704071657528], [0.6247293717111808, -0.41047236389417197, -0.664248184491673]], "quat": [-0.912001459104212, -0.01942757930429502, -0.3375575947019397, 0.232230011008923]}, {"euler": [128.06884765625, -31.822269439697266, 53.90230941772461], "matrix": [[0.500605292329449, 0.2536558603511163, 0.8276793133824727], [0.6865593367947302, -0.6987030317601685, -0.20112272489484792], [0.5272860877661448, 0.668934060964669, -0.5239242347225307]], "quat": [0.8251109862939876, 0.2848753721511009, 0.4105403465885505, 0.2636181072340961]}, {"euler": [40.79668045043945, 4.706239700317383, 29.66028594970703], "matrix": [[0.8660449432319731, -0.3280389539555333, 0.3773017373271528], [0.493188035810462, 0.6843705517902704, -0.5370311994434768], [-0.08204704525908771, 0.6511738573760776, 0.754480543045487]], "quat": [0.3268003398086574, 0.126337905547791, 0.22586779762907958, 0.9089686515589702]}, {"euler": [32.772483825683594, -53.68537139892578, 64.18810272216797], "matrix": [[0.25786280332431794, -0.9468526315641251, 0.1922937044258479], [0.5331322838064555, -0.02654218859807124, -0.8456154446246458], [0.8057771048032062, 0.3205707508874065, 0.497953462735673]], "quat": [0.4434105121630283, -0.23326034025415562, 0.5627239216546215, 0.6575093302497539]}, {"euler": [101.7879409790039, 8.87918472290039, 44.78915786743164], "matrix": [[0.7011989732500117, 0.25115592698564115, 0.667263591283919], [0.6960572018316761, -0.03853816721987118, -0.7169513103730202], [-0.15435145509967454, 0.9671791509370519, -0.20184181504657706]], "quat": [0.6967027622157924, 0.3398914071349459, 0.18404984306111383, 0.604321725363147]}, {"euler": [-104.68449401855469, -66.64257049560547, 153.0544891357422], "matrix": [[-0.353424712946889, -0.6767826791099165, -0.6457988677097637], [0.17965571835862812, 0.6283953926983399, -0.7568639595703739], [0.9180494513583974, -0.38351588714459145, -0.1005025828933894]], "quat": [0.1722516162828092, -0.7215127664391355, 0.3951350203902331, 0.541864396518645]}, {"euler": [23.040830612182617, -0.739844024181366, 92.40899658203125], "matrix": [[-0.042029031291304676, -0.9192004957392109, 0.39154055876946325], [0.9990329482096166, -0.04372870111054875, 0.004579201981355457], [0.012912355335735225, 0.3913543781944611, 0.9201494562013883]], "quat": [0.14278499012313572, 0.13977738906862558, 0.7081502645278123, 0.6771985904813179]}, {"euler": [77.44571685791016, -22.028501510620117, 69.69926452636719], "matrix": [[0.32161960499291675, -0.33088035237374475, 0.8871747415798239], [0.8694164694984656, -0.2679454900499871, -0.4151147033371578], [0.3750677702082977, 0.9048333585665923, 0.20149630511767894]], "quat": [0.5890816560387077, 0.22854900997347236, 0.5356823196108748, 0.5601719423669417]}, {"euler": [18.831958770751953, -17.337251663208008, -166.91371154785156], "matrix": [[-0.9297773151379048, 0.3079909214367387, 0.20163267733058018], [-0.21613141607714448, -0.9001103051988187, 0.3782706034829796], [0.2979955624492376, 0.3081282700231155, 0.9034686568847446]], "quat": [-0.1292906929908039, -0.17762203766308204, -0.9660947517222972, 0.13562912348387893]}, {"euler": [-104.80653381347656, 31.20482063293457, 151.10934448242188], "matrix": [[-0.7488703139192303, 0.5620246025209793, -0.3511717515570536], [0.41323928378197144, -0.018251900330365504, -0.9104395435577773], [-0.5180989743957007, -0.8269191098864906, -0.21858233788359327]], "quat": [-0.34927207313737835, -0.698068899083833, 0.6222017109358513, -0.05978178624550084]}, {"euler": [80.93553924560547, 22.8918399810791, -140.76953125], "matrix": [[-0.7136007618397803, -0.19791574896761502, -0.6720143666710354], [-0.5826307508362651, -0.3649788815157553, 0.7261761661108673], [-0.38899275170837677, 0.9097361003929085, 0.14513740648175064]], "quat": [0.35575297370304027, -0.5485171997855387, -0.7456066405681494, 0.1289939563760788]}, {"euler": [-152.4679412841797, 20.13698959350586, -48.88716125488281], "matrix": [[0.6173498585844983, -0.7727318246508303, 0.14752857105489103], [-0.707361397762077, -0.46318378335330035, 0.5339481583399303], [-0.34426589296905424, -0.43398883627383894, -0.8325471067320446]], "quat": [-0.8533874777423563, 0.4335935495352317, 0.0576342303599982, 0.28355729954418085]}, {"euler": [-106.64472961425781, 25.44451332092285, -55.095088958740234], "matrix": [[0.5167122191370728, -0.4704513555171158, 0.7153209102819167], [-0.740554316176337, 0.1736792345926484, 0.6491647158186509], [-0.4296368086966473, -0.8651653284566021, -0.2586525991548129]], "quat": [-0.6327885870690221, 0.47844007320938026, -0.11286712000785033, 0.5982764525231852]}, {"euler": [105.64794921875, -3.904423952102661, -93.37529754638672], "matrix": [[-0.05873933806635156, -0.26539745990134367, -0.962348106685643], [-0.9959483548608068, 0.08133526003625152, 0.038359482854802084], [0.06809232418987744, 0.9607022242884369, -0.2690997429089642]], "quat": [0.531277974512016, -0.5935432463206803, -0.4208040919243585, 0.43402078840216163]}, {"euler": [-81.02915954589844, -17.583410263061523, -146.908935546875], "matrix": [[-0.7986601498911065, -0.16486524259592775, 0.5787585133366948], [-0.5204625337417834, -0.2935573353329579, -0.8018371666637163], [0.3020938859808292, -0.9416175139917478, 0.14864636355122365]], "quat": [-0.29421540658615575, 0.5823350519689943, -0.7484757592559842, 0.11877381690334703]}, {"euler": [-127.64347076416016, -22.192577362060547, -47.350341796875], "matrix": [[0.6273231548692172, -0.2465728267171506, 0.7386931030472983], [-0.6810232214874017, -0.6337721156410746, 0.3667973244596505], [0.37772083760345265, -0.733167611505412, -0.5655017438342661]], "quat": [-0.840624323694086, 0.2758652176897145, -0.3320192829255522, 0.32712738168558925]}, {"euler": [94.37278747558594, 35.62131118774414, -130.39315795898438], "matrix": [[-0.5267724894526822, -0.4343995827744245, -0.7306214798657577], [-0.6191053552135445, -0.3928837867604696, 0.6799638881930897], [-0.5824253630309507, 0.8105179409403346, -0.061978737580766365]], "quat": [0.48168714818037073, -0.5467786207124824, -0.6814832240474422, 0.06775873782413956]}, {"euler": [113.25562286376953, -54.41492462158203, 138.67337036132812], "matrix": [[-0.4369904267840722, 0.8218274357340463, 0.36556672820960684], [0.38426547382998544, -0.19689582057294738, 0.9019823066242056], [0.8132523670554492, 0.5346323051553356, -0.22975832033465277]], "quat": [0.49740921637107005, 0.6061874558554016, 0.592479520114908, -0.18463168221375742]}, {"euler": [156.41334533691406, 78.78305053710938, 65.62709045410156], "matrix": [[0.08027517741135495, 0.9967515607480866, -0.006497848707799678], [0.1771882889057475, -0.020684634595091102, -0.9839595805551777], [-0.9808976532575808, 0.07783618720056579, -0.17827316622489667]], "quat": [0.5655159100837356, 0.5189685332990939, -0.4365020878984543, 0.4693925267277291]}, {"euler": [155.1619873046875, -72.1283950805664, 44.82948303222656], "matrix": [[0.21764530086790596, 0.3562552146817518, 0.9086873747456699], [0.2163536802739034, -0.9254538678517529, 0.3110083978129333], [0.9517466091571097, 0.12890834143021607, -0.27849781232112863]], "quat": [0.7780740615521101, 0.18398277337937763, 0.5977689258113703, -0.05850987244693076]}, {"euler": [49.285255432128906, -40.70925521850586, -73.26734161376953], "matrix": [[0.21824141926035745, 0.48234455460082404, -0.8483598373132465], [-0.7259329396943115, 0.6612290605246643, 0.18920226368742343], [0.6522208598212728, 0.5745605800649771, 0.494457369092015]], "quat": [0.1250549775535528, -0.4869625940902166, -0.3921054989754012, 0.7703778048589272]}, {"euler": [-153.89662170410156, -25.24742317199707, -15.443699836730957], "matrix": [[0.8718160969557404, -0.0582373343444224, 0.4863590299123831], [-0.24085370058955835, -0.9155517442770112, 0.3221094510622699], [0.4265280623841458, -0.3979615765872095, -0.8122194257459298]], "quat": [-0.9486289141411779, 0.07882192669742646, -0.24058066296740305, 0.18976625551767554]}, {"euler": [82.29463958740234, -35.401611328125, 114.79287719726562], "matrix": [[-0.3418082286291687, 0.11901068573947089, 0.9322036212766024], [0.7399823641626687, -0.5773853417974578, 0.3450395162958306], [0.579304095937201, 0.8077515854254042, 0.1092892523221221]], "quat": [0.5306335507782577, 0.40470162913855096, 0.7121240802607276, 0.21799981760055195]}, {"euler": [-155.2936248779297, -32.435699462890625, -118.49397277832031], "matrix": [[-0.4026410571323859, -0.9053652157209602, 0.13488515586918587], [-0.7417586442266972, 0.23637341344277354, -0.6276318372520503], [0.536352769011485, -0.3527625767849411, -0.7667361160097793]], "quat": [-0.5309711963549953, 0.7755241109380383, -0.3160425318212065, -0.1294181597580191]}, {"euler": [-137.64328002929688, 20.28342056274414, -79.86849975585938], "matrix": [[0.16499978440051577, -0.7685271346982375, 0.6181756339263952], [-0.9233628609654626, 0.09993131141420782, 0.370694968928245], [-0.3466642441000502, -0.631965011872931, -0.693140768986349]], "quat": [-0.6629874135254487, 0.6379796814946462, -0.10238180404608957, 0.37808409343305316]}, {"euler": [-47.157676696777344, -76.53023529052734, 49.92450714111328], "matrix": [[0.14996091387295396, -0.0612562091522236, -0.9867924813002414], [0.1782389888807685, 0.9834010603408543, -0.03395905421599033], [0.9724929753747066, -0.1707923632976086, 0.1583899664943076]], "quat": [-0.04519371371604658, -0.6471186483121918, 0.07910118880348661, 0.756926670937832]}, {"euler": [-20.166105270385742, -47.69593811035156, 88.83145904541016], "matrix": [[0.013726131987608366, -0.9333022632572593, -0.35882931694544723], [0.6729249704351669, 0.27405642634609484, -0.6870699086288362], [0.7395833810095307, -0.2320343952462327, 0.6318041325895443]], "quat": [0.16421447336636416, -0.39639820943369, 0.5796597222198212, 0.6927457489806862]}, {"euler": [-171.84771728515625, 44.69078826904297, -66.49810028076172], "matrix": [[0.28349733470781596, -0.9475494251648001, -0.14757827781696436], [-0.6519401193498118, -0.30329408038416555, 0.6949725041942855], [-0.7032804149098121, -0.10081065258086504, -0.7037285487533544]], "quat": [-0.7567231930906664, 0.5284262327092999, 0.2810997140353379, 0.26290431033471845]}, {"euler": [110.0181884765625, -43.80545425415039, -47.72594451904297], "matrix": [[0.4854675613499969, -0.6907971990925272, -0.5358362404716634], [-0.5340074551645678, 0.2509778027301999, -0.8073699154448244], [0.6922118784776443, 0.6780924511175745, -0.24704927247780092]], "quat": [0.6085924397939885, -0.5031300810570771, 0.06423660063001888, 0.6102040829924026]}, {"euler": [21.62672233581543, -14.625865936279297, -104.49516296386719], "matrix": [[-0.24218742370360818, 0.9233078003095496, -0.29807374538417447], [-0.9367955328616262, -0.14257754391453442, 0.3195086439860444], [0.2525062007363598, 0.35661512847724186, 0.8994811108249298]], "quat": [0.015074891259944115, -0.22367877020637433, -0.7556861250617005, 0.6153690240836768]}, {"euler": [71.35199737548828, 42.30380630493164, 37.35472106933594], "matrix": [[0.587893045755421, 0.3129155945960092, 0.7459662173389895], [0.448742448708801, 0.6411092224741402, -0.6225826688765378], [-0.6730616476068471, 0.7007587284631064, 0.23648514330402842]], "quat": [0.4213960963206863, 0.4518658632311946, 0.04325180653587577, 0.7850935312963656]}, {"euler": [-178.83651733398438, 5.1641621589660645, -38.43389892578125], "matrix": [[0.7801462164348587, -0.622914840133609, -0.05787039764590333], [-0.6190881554099192, -0.782028222532801, 0.07184507633325603], [-0.0900096484468093, -0.020222786739422474, -0.9957355583100232]], "quat": [-0.9431211477426539, 0.3292267908837172, 0.0391996421792315, 0.02440509983607131]}, {"euler": [-15.768617630004883, -30.515113830566406, 39.39451217651367], "matrix": [[0.6657586736626316, -0.5041369433949299, -0.5501012004598707], [0.5467535572042777, 0.8312860789474421, -0.10011994123378011], [0.5077656311010446, -0.23411406889079564, 0.8290745844735283]], "quat": [-0.03673557622272032, -0.2900227666974104, 0.2881101490157256, 0.9118825770190483]}, {"euler": [156.00872802734375, -9.94600772857666, 113.73881530761719], "matrix": [[-0.39651779057920056, 0.8645785214946043, 0.30867073383201266], [0.9016326401346063, 0.3035035113338628, 0.30813016868186643], [0.17272007410283516, 0.400486702373774, -0.8998767566859872]], "quat": [0.5476895687277885, 0.806209969331664, 0.21973707161022618, 0.04215733645723787]}, {"euler": [179.72064208984375, 27.47365951538086, -145.40093994140625], "matrix": [[-0.7303137981963221, -0.569675040814196, 0.37697759089554117], [-0.5037920606184819, 0.821858646648268, 0.26597354114133526], [-0.46134078057532024, 0.004325829726398553, -0.887212472508887]], "quat": [0.2894132113709985, -0.927278938258801, -0.07287434225975431, -0.22601569411384848]}, {"euler": [-46.69794845581055, -63.892845153808594, 139.7920684814453], "matrix": [[-0.3360701191501029, -0.9418368158423568, 0.0005360395191750454], [0.2840810251396403, -0.10190957265800653, -0.9533689790192847], [0.8979726310807288, -0.3202465477169003, 0.30180673038446365]], "quat": [0.3405997369066218, -0.48279235083719807, 0.6595048184419453, 0.4647114800003208]}, {"euler": [-36.28299331665039, 67.24795532226562, -19.48604393005371], "matrix": [[0.36459225432857273, -0.24557070073422232, 0.898202381996681], [-0.12900895371092125, 0.9419744524083994, 0.30990453509477534], [-0.9221871707771813, -0.22886494259890153, 0.3117557699597215]], "quat": [-0.16647975249294697, 0.5625003173599338, 0.03601757634388056, 0.8090615669862049]}, {"euler": [-135.90687561035156, -20.191438674926758, -173.7373046875], "matrix": [[-0.9329435535277508, -0.3170842538610255, -0.17051070900213064], [-0.10238313785129745, 0.6877241984763216, -0.7187163000195718], [0.3451579624095825, -0.6530643174936888, -0.6740719384470528]], "quat": [-0.1155467291217934, 0.907570891232625, -0.3778714783508992, -0.1420463889909893]}, {"euler": [-110.5307846069336, 71.89656829833984, 66.6067123413086], "matrix": [[0.12337368833682136, -0.031533067542786244, -0.99185916272297], [0.2851914337353212, -0.956204233657515, 0.06587343667546704], [-0.9504971221156647, -0.29099678552655345, -0.10897748236701132]], "quat": [-0.7396883472722393, -0.08573150000535867, 0.6564779247913981, 0.12061506157223395]}, {"euler": [-21.08497428894043, -59.758853912353516, -87.93314361572266], "matrix": [[0.018164109227602882, 0.9436498965053607, 0.33044657353555623], [-0.5033128260308662, -0.2769415131118481, 0.8185228142624633], [0.8639133430436127, -0.18118573658194556, 0.4699207003000263]], "quat": [-0.4541984483789615, -0.2423704176258536, -0.6573998220611775, 0.5502597787444993]}, {"euler": [104.2680892944336, 66.19554901123047, 101.68665313720703], "matrix": [[-0.08175620286200895, 0.06173981539938374, 0.9947382160588965], [0.3952494149743002, 0.9182468592688845, -0.02450725209611549], [-0.9149283159111752, 0.39116607807589754, -0.09947500242101741]], "quat": [0.15769586257264617, 0.7244787892947437, 0.12652503820598818, 0.6589794484628975]}, {"euler": [-118.96595764160156, 53.6937141418457, -84.58899688720703], "matrix": [[0.05583488405484227, -0.5486182451441075, 0.8342065013038332], [-0.5894631132393995, 0.6562458411414597, 0.4710357036517008], [-0.8058633282714242, -0.5180341852421885, -0.28674880831097577]], "quat": [-0.4142275495498695, 0.686869668386513, -0.01710604054656, 0.5969363276106854]}, {"euler": [-106.27132415771484, 21.91684341430664, -166.46983337402344], "matrix": [[-0.9019792541411761, 0.28281396914115947, 0.3262662776897905], [-0.21704839403782086, 0.3562394509692304, -0.9088363154158975], [-0.37326052529638204, -0.8905670735165124, -0.25993627646733797]], "quat": [0.020721796235677326, 0.7934347770260869, -0.5669663849613591, 0.22041093459758104]}, {"euler": [-51.239776611328125, 54.49932098388672, 126.70936584472656], "matrix": [[-0.3471245599875552, -0.1224331441870211, -0.9297928075963624], [0.4655444856020101, -0.883153811303146, -0.057512411758566064], [-0.8141086363496003, -0.4528238849544127, 0.36356245328112036]], "quat": [-0.5414025300168236, -0.15843634005752022, 0.8052702690047332, 0.18254046263117882]}, {"euler": [49.07829284667969, 56.067813873291016, 159.47373962402344], "matrix": [[-0.5227713313327829, -0.8167989366607226, -0.24402793325040095], [0.19572933415746008, -0.3936176505146969, 0.8981955093149635], [-0.8296988386678786, 0.42178743731078855, 0.3656435352087749]], "quat": [-0.35538809208143807, 0.4368953380414212, 0.7553198853890076, 0.3351322699178993]}, {"euler": [-143.6686553955078, 13.161704063415527, 0.5857782959938049], "matrix": [[0.9736804235510906, -0.12665861355285207, -0.18948358347423602], [0.009955021773021858, -0.8069413682728975, 0.5905476489762381], [-0.22770008857017854, -0.5768909981814007, -0.7844421239851922]], "quat": [-0.944068842273854, 0.030904417812037326, 0.1104749074865132, 0.3091508253640125]}, {"euler": [-15.529768943786621, -82.26956176757812, -102.91793060302734], "matrix": [[-0.030070990402183383, 0.8797962684882287, 0.4743988422102438], [-0.1311082814828285, -0.47398470210618077, 0.8707175895179411], [0.9909118800694896, -0.03601427666222232, 0.12960176624431352]], "quat": [-0.5732172244140269, -0.3265289122159356, -0.6390730511359162, 0.39545735349590766]}, {"euler": [-91.8184585571289, 5.55950403213501, 54.00366973876953], "matrix": [[0.5849688078565433, -0.031237085318380636, -0.8104540322163293], [0.8052489453155727, -0.09699170840312275, 0.5849502069144019], [-0.09687946068725085, -0.9947948798631083, -0.031583494029185574]], "quat": [-0.654512033939952, -0.29564462525535606, 0.34656868241280614, 0.6034056689790532]}, {"euler": [-164.6724853515625, 2.650531768798828, -77.15498352050781], "matrix": [[0.22207675212486003, -0.9430132667085962, 0.24780616412279866], [-0.9739319318463789, -0.20248892987816183, 0.10224884061336366], [-0.046244008213537025, -0.2640534265795064, -0.9633988164908485]], "quat": [-0.7726520074544992, 0.6202485659975012, -0.06521763807140935, 0.11852110123924103]}, {"euler": [-86.02094268798828, 8.265085220336914, 101.2513198852539], "matrix": [[-0.19308638957862911, -0.040077692550493677, -0.9803629046018201], [0.9705939777532676, -0.15418974041329075, -0.18485901195335572], [-0.14375317912511978, -0.9872280904183742, 0.06867110731822454]], "quat": [-0.47234316008502675, -0.4925001375246289, 0.5949679061323695, 0.4246748689663377]}, {"euler": [-148.41200256347656, 79.26390838623047, 121.67792510986328], "matrix": [[-0.09782670043073631, 0.9951837714588553, -0.006260807277319248], [0.15853151232200072, 0.009372400299608764, -0.9873094336192292], [-0.9824956469540892, -0.09757775944113826, -0.15868485932411147]], "quat": [-0.5127098981377691, -0.5625575437354068, 0.4821227646582912, -0.43383776937490154]}, {"euler": [-99.29267883300781, -62.76826477050781, -108.5289535522461], "matrix": [[-0.1454148618107498, -0.43196064081566127, 0.8900924237126634], [-0.43387045887213815, -0.7806924994585692, -0.4497506489236137], [0.889163057533679, -0.4515852367773493, -0.07389066951993706]], "quat": [-0.6536758193416207, 0.33113933316359345, -0.6804808395078773, 0.0007016428478199615]}, {"euler": [98.09346771240234, -29.058900833129883, -69.07322692871094], "matrix": [[0.3122136736239635, -0.30325637652381454, -0.9003100533148986], [-0.8164618116250617, 0.3988653312937418, -0.4174883922336714], [0.4857084847520695, 0.8654143617883747, -0.12306604019902714]], "quat": [0.5090221956185331, -0.5499358366820636, -0.20362646861549433, 0.6300819321165062]}, {"euler": [-176.4788055419922, 41.97637939453125, -55.66209411621094], "matrix": [[0.41934309417434545, -0.8473372362962089, -0.32583888250819404], [-0.6138612075529178, -0.5290886909565459, 0.585866516335899], [-0.6688241825995526, -0.04565922784926731, -0.7420171478357148]], "quat": [-0.8201294003031787, 0.4454170412952404, 0.3032030874457274, 0.192507957875827]}, {"euler": [-23.95725440979004, -17.739065170288086, 97.24910736083984], "matrix": [[-0.12018398844012075, -0.9221553345514822, -0.3676756014217814], [0.9448409204183178, 0.0074163366942137455, -0.3274456184667983], [0.3046825298990589, -0.3867486740872964, 0.8703987701427589]], "quat": [-0.02236573675796648, -0.25357521319698006, 0.7041247087499248, 0.6628784048369754]}, {"euler": [150.61492919921875, 4.250240802764893, -105.4765625], "matrix": [[-0.2661103143819801, -0.8494504593854062, -0.455652518515421], [-0.9610892835889169, 0.19746570188361387, 0.19317009486500256], [-0.07411268143891495, 0.4893273072591945, -0.8689453934629032]], "quat": [0.5927413806200199, -0.7636297220722386, -0.22343859281436976, 0.1249099616110846]}, {"euler": [-117.34073638916016, 0.1282266527414322, 30.382640838623047], "matrix": [[0.8626647846047736, 0.2305768215640881, -0.4501597480452934], [0.5057711546429464, -0.39721219866643526, 0.7657793470456858], [-0.002237975410982544, -0.8882886910165967, -0.4592800810813385]], "quat": [-0.8244933390198715, -0.22327286994288484, 0.13717446280223147, 0.5015407522966104]}, {"euler": [80.097900390625, 62.47667694091797, -57.41572189331055], "matrix": [[0.24886434205586785, 0.6153724702189138, -0.7479192885263569], [-0.38937368109853154, -0.6434954291413159, -0.659015757885965], [-0.8868227983768115, 0.45522560952884206, 0.07946677738662304]], "quat": [0.6732185740549945, 0.08392474518310034, -0.6070621600116562, 0.413773999394952]}, {"euler": [-120.18138122558594, -5.5626220703125, 144.51405334472656], "matrix": [[-0.8104234628057099, 0.22361244402174643, -0.5414898760019646], [0.5777695763517318, 0.45800145437289624, -0.6755864004216277], [0.09693362459096468, -0.8603674463105474, -0.5003715916723537]], "quat": [-0.24080421222112552, -0.8319850522772269, 0.461532885274836, 0.19183743110693513]}, {"euler": [33.30801773071289, 83.18035125732422, -28.814733505249023], "matrix": [[0.10404187098279266, 0.8805471795260595, 0.4623980468288134], [-0.05723234761963663, 0.4694514566801733, -0.8811014630601907], [-0.9929248448237887, 0.0652073189877105, 0.09923839016272867]], "quat": [0.36583877054649727, 0.562621363692904, -0.36254139849807593, 0.6466706499110839]}, {"euler": [-42.07554244995117, 3.483750581741333, 163.6631317138672], "matrix": [[-0.9578511748714484, -0.16971114369241633, -0.23177414546061467], [0.2807644664878216, -0.72374651480278, -0.630366795341124], [-0.06076546021544693, -0.6688715198133657, 0.7408903082287981]], "quat": [-0.07906489692419372, -0.3511461062862119, 0.9249983780935817, 0.12175037839219419]}, {"euler": [42.708213806152344, -36.9591064453125, 24.70117950439453], "matrix": [[0.7259500660400686, -0.6775589035060313, -0.11794250250068605], [0.3339178304200357, 0.4971660438025008, -0.8008275765839649], [0.6012448620520563, 0.5419777275584988, 0.5871667213718175]], "quat": [0.4005050876286562, -0.21450481136248123, 0.3016830337992377, 0.8381949103899383]}, {"euler": [-143.0003662109375, 77.3394775390625, -122.06566619873047], "matrix": [[-0.116357470587779, -0.36507199368945653, 0.923679261682333], [-0.1857368559270249, 0.921588055070734, 0.3408478797077749], [-0.9756857892727342, -0.131901084811868, -0.17504097930683168]], "quat": [-0.18513201617245928, 0.7438055029652149, 0.07022897587572655, 0.6383943932194509]}, {"euler": [36.818031311035156, 27.590181350708008, -135.77931213378906], "matrix": [[-0.6351625133599114, 0.35940834213441697, -0.6836623620081113], [-0.6181149304141107, -0.7672867704545803, 0.17089454258266668], [-0.4631441615970982, 0.5311277205056893, 0.7095074559784067]], "quat": [0.3250449204018815, -0.19897756590060856, -0.8820369521444238, 0.2770641496855534]}, {"euler": [-154.588134765625, -57.74716567993164, 70.01718139648438], "matrix": [[0.18237083610130278, 0.972886626143658, -0.142240960382452], [0.501527646370495, 0.032386408066920544, 0.864535216459454], [0.8457014237103918, -0.2290037843428214, -0.48202320347767813]], "quat": [-0.6387502703545535, -0.5770699211194636, -0.2753268749841262, 0.4279994277713889]}, {"euler": [47.51520538330078, -5.185781478881836, -76.4628677368164], "matrix": [[0.23311738462833498, 0.6410286176406353, -0.7312582282270618], [-0.9682389981041947, 0.2228968509309489, -0.11327063341948868], [0.09038543872898319, 0.7344380880719648, 0.6726300374314002]], "quat": [0.2905126917477041, -0.2815801079938061, -0.5515015416733022, 0.7294937067909983]}, {"euler": [119.91127014160156, -66.42320251464844, 77.2227783203125], "matrix": [[0.08845943557882872, 0.31061061832491066, 0.946412157593557], [0.3900733983935937, -0.8850536308858196, 0.25401341366451546], [0.9165247798738165, 0.34670032339131757, -0.1994522841122859]], "quat": [0.7370490741085247, 0.23766532017084324, 0.6318904001475859, 0.03143851372410607]}, {"euler": [-32.35066604614258, 52.302947998046875, 163.2100067138672], "matrix": [[-0.5854186439036845, 0.16132103337511966, -0.7945190592809933], [0.17663675178202848, -0.9310809310821534, -0.31919861794043597], [-0.791254996375925, -0.3272060879109279, 0.5165769127091927]], "quat": [-0.4552706267895163, -0.18558071028014894, 0.8707864961767365, 0.0043970934534911296]}, {"euler": [56.24671936035156, -2.824629068374634, 51.62714767456055], "matrix": [[0.6200221694403266, -0.4610323110338086, 0.6348399149276427], [0.7830351707806558, 0.31279248666366233, -0.5376028102672754], [0.049279110412226906, 0.830427641922876, 0.554942790571597]], "quat": [0.43367236832805806, 0.18562564925929473, 0.39437549824615376, 0.7886313217650542]}, {"euler": [27.2462158203125, -31.709074020385742, -46.309383392333984], "matrix": [[0.5876521932027169, 0.4766336803051916, -0.6538235500674213], [-0.6151445553192012, 0.7881171624226341, 0.021645192446320717], [0.525606388740833, 0.38947615215007003, 0.7563373923198539]], "quat": [0.10392020792443259, -0.33321448681744903, -0.3084509834213952, 0.8848879516561977]}, {"euler": [-74.22541809082031, -13.610867500305176, 40.883392333984375], "matrix": [[0.7348107912289655, -0.006717525682449869, -0.6782388782296156], [0.636140358966352, 0.35375832871785945, 0.6856970822140835], [0.23532646427383055, -0.9353127389870473, 0.26421872662800616]], "quat": [-0.5284017732471902, -0.29779557202084445, 0.20955286127918962, 0.7669399987246119]}, {"euler": [45.90418243408203, -0.40658798813819885, -63.33134078979492], "matrix": [[0.44881895636702196, 0.6195452826619956, -0.6439916048652226], [-0.8935945320950092, 0.31687738162526413, -0.3179269369276815], [0.007096239533620573, 0.7181590128554988, 0.6958428526893818]], "quat": [0.33018885582813656, -0.2074943207468943, -0.4822205187196765, 0.7844646567375849]}, {"euler": [-45.93628692626953, 27.061365127563477, 93.29473114013672], "matrix": [[-0.05118014885979971, -0.6755201976324884, -0.7355630869974733], [0.8890478438744559, -0.3663372385712927, 0.2745741410587326], [-0.45494452811839575, -0.6398980311163048, 0.6193189696017769]], "quat": [-0.41708455980463843, -0.12798822278507707, 0.7135888797187196, 0.5481335563005344]}, {"euler": [-14.967540740966797, -44.09439468383789, 91.1357421875], "matrix": [[-0.014235433086908845, -0.9694446911827239, -0.24489659691890517], [0.7180532811926137, 0.1605325318956053, -0.6772213756015881], [0.6958425380884306, -0.18548934454792562, 0.6938276913224433]], "quat": [0.18124868530215776, -0.34674928754795975, 0.6219989132855753, 0.6782559970488907]}, {"euler": [93.93001556396484, -41.30097579956055, -72.21110534667969], "matrix": [[0.22951583692604138, -0.26642840309859156, -0.9361294710789064], [-0.7153344600843173, 0.6060413743223048, -0.3478655815475429], [0.6600144625809475, 0.7494863298498955, -0.051489324642265695]], "quat": [0.4107808987909498, -0.5974978790837941, -0.16804275059444548, 0.667845020683332]}, {"euler": [-36.32893371582031, -8.871391296386719, 125.79893493652344], "matrix": [[-0.5779449251447358, -0.7068665795270043, -0.40782263577104066], [0.80137179950551, -0.3971460219687364, -0.44730110238150383], [0.15421706279379824, -0.5853329616399551, 0.7959914707841111]], "quat": [-0.07617352893211887, -0.31016424374510365, 0.8323284234449739, 0.4530178041950004]}, {"euler": [35.85393524169922, 13.963300704956055, -43.624855041503906], "matrix": [[0.7024825486749149, 0.6615083353735183, -0.26253569478939925], [-0.6695464214605449, 0.48919651000582687, -0.5589225027743087], [-0.24130034877010453, 0.5684131392125588, 0.7865625498674279]], "quat": [0.3266203793403207, -0.006152468274684256, -0.38564345294153707, 0.8628791353005602]}, {"euler": [-111.26998901367188, -44.491031646728516, -83.74913787841797], "matrix": [[0.07767196039879079, -0.28950003853060957, 0.9540213803990895], [-0.7091190117388624, -0.6886759169621244, -0.15124717712035565], [0.7007976125518035, -0.6647670336946265, -0.2587807897710715]], "quat": [-0.7115350776897768, 0.35086782141219375, -0.581425654489089, 0.18042675360488733]}, {"euler": [48.878238677978516, -63.91984939575195, 69.78678894042969], "matrix": [[0.15189789711351284, -0.8509373064161061, 0.5028247501881685], [0.4125528286546951, -0.4077094097792928, -0.8146000250100843], [0.8981799332102126, 0.3311778037953662, 0.28912639079090563]], "quat": [0.5635780593897131, -0.19446484406974981, 0.6214776551608041, 0.5082604839364175]}, {"euler": [-137.94508361816406, -8.755956649780273, -110.40156555175781], "matrix": [[-0.34453499231465823, -0.7314733984807751, 0.5884235773536981], [-0.926349200795535, 0.16326347917534637, -0.3394439490593914], [0.15222613854463987, -0.6620360289912826, -0.7338497796288023]], "quat": [-0.5536360059052332, 0.7486067477519166, -0.3344479531670472, 0.14566975254997674]}, {"euler": [52.16530990600586, -25.805479049682617, -34.602474212646484], "matrix": [[0.741028785011759, 0.0653376666505699, -0.6682868613856296], [-0.511248747315029, 0.7001253114832, -0.4984468543278873], [0.43531719257664325, 0.711024287586023, 0.5522168091519657]], "quat": [0.3495306368462547, -0.3189356194122395, -0.16663036387240993, 0.8650680472724277]}, {"euler": [-118.81051635742188, -46.728267669677734, 50.96056365966797], "matrix": [[0.43174001303642673, 0.776146689189703, -0.45956161502367515], [0.5324048209478537, 0.19199401846219183, 0.82442913795318], [0.7281110270932517, -0.6006118661287022, -0.33033273905353067]], "quat": [-0.6265139131790621, -0.522155806364177, -0.10716019485780486, 0.568639009487805]}, {"euler": [-11.678533554077148, 10.79986572265625, 110.8878173828125], "matrix": [[-0.3502242187481642, -0.901416204537912, -0.2545423791801733], [0.9177320427397334, -0.3845951640304976, 0.09926962039370735], [-0.18737901251472686, -0.19883507236103926, 0.9619530756061784]], "quat": [-0.13455284247848032, -0.030314926651272375, 0.821092634601121, 0.553880332930209]}, {"euler": [66.90260314941406, -48.22252655029297, 4.227775573730469], "matrix": [[0.6644263923953797, -0.7130132035668385, -0.22394137765900876], [0.049116270263953474, 0.34065778608003866, -0.9389035439162027], [0.7457379976129813, 0.6128331292630976, 0.2613625730547132]], "quat": [0.51536541241643, -0.32205155667608004, 0.2531197318361879, 0.7527361343010796]}, {"euler": [-179.49038696289062, -30.049924850463867, -40.36932373046875], "matrix": [[0.6594797546390799, -0.6442931255962246, 0.38726324577814847], [-0.5606527090141806, -0.764739888130653, -0.3175554178044784], [0.5007544239407572, -0.007698818829135507, -0.8655551600518574]], "quat": [-0.9068868180238356, 0.3321654396840995, -0.24479837287026426, -0.08541765984936803]}, {"euler": [-23.449939727783203, -36.200382232666016, 145.70599365234375], "matrix": [[-0.6666728490288293, -0.7110777167299047, 0.22341842613797394], [0.45467119854495186, -0.6254968527238466, -0.6340566129662711], [0.5906110510153708, -0.32112640502261436, 0.7403083265881664]], "quat": [0.23372830225865407, -0.27425702803976443, 0.8707005840615996, 0.3347157842242768]}, {"euler": [-55.879913330078125, 66.66297149658203, -21.115070343017578], "matrix": [[0.36954174229528824, -0.5070298061128462, 0.7786910018836306], [-0.14270597410533684, 0.7971011004088748, 0.5867408633132752], [-0.9181905606441452, -0.32794909885549345, 0.22220594704881333]], "quat": [-0.2959031492049383, 0.5489429412663882, 0.11785913662573023, 0.7727950552625477]}, {"euler": [164.54147338867188, -9.789779663085938, 122.19696807861328], "matrix": [[-0.525072535339143, 0.8397565693223846, 0.1382307379435673], [0.8338988945954463, 0.4752040616016061, 0.2807022148644882], [0.17003372084682708, 0.26265948320446336, -0.9497886763158145]], "quat": [0.48721455216748843, 0.8587877027031424, 0.1581769558293197, -0.009258103837291769]}, {"euler": [-75.36781311035156, -31.576854705810547, 16.328168869018555], "matrix": [[0.8175774590333383, 0.41520453112225414, -0.39896402822327104], [0.23951276708358205, 0.3848656607699662, 0.8913540584773612], [0.5236417982596078, -0.8243079645955427, 0.21521070284676339]], "quat": [-0.5517021604581155, -0.29668059377462846, -0.056496865053423176, 0.7774403228946367]}, {"euler": [9.843070983886719, -66.43619537353516, 82.69798278808594], "matrix": [[0.050810586829408574, -0.9972049572061312, 0.05477734558710347], [0.396527912493297, -0.030196217874769466, -0.9175259140971264], [0.9166154585646912, 0.06834077662404253, 0.3938853124586691]], "quat": [0.4144639587001229, -0.36232163985785915, 0.5859332179318796, 0.594663703578188]}, {"euler": [78.29991149902344, 59.625858306884766, -140.0448455810547], "matrix": [[-0.38760039761761916, -0.5173631955566648, -0.7629556052943445], [-0.3247187104131307, -0.6979779856673425, 0.6382667864078407], [-0.8627419607705984, 0.49513842045144824, 0.10253903509663032]], "quat": [0.5495085424616011, -0.38310683133221674, -0.7396143282788659, -0.06511653363714273]}, {"euler": [-0.28181010484695435, -12.301192283630371, 15.564237594604492], "matrix": [[0.941213268571743, -0.26730588096909225, -0.20655543823349976], [0.26215830082764835, 0.9635997470336809, -0.0524266423089077], [0.21305071783886553, -0.004805571346195914, 0.9770293230565705]], "quat": [0.012085099104801225, -0.1064860969861409, 0.13436546008102906, 0.9851195788661895]}, {"euler": [-70.18003845214844, 52.92338180541992, 5.2213969230651855], "matrix": [[0.6003807807612475, -0.7783107274187436, 0.18378065642885422], [0.05486500624865617, 0.2693536191982653, 0.9614772274547798], [-0.7978300252446315, -0.5671693216401092, 0.20441675911834778]], "quat": [-0.5307095256457703, 0.34079175434518283, 0.2892586900850322, 0.7200956809823713]}, {"euler": [156.52603149414062, -52.06627655029297, 146.0030975341797], "matrix": [[-0.5096690476673813, 0.7733448961664489, -0.377061179947139], [0.34373602513815976, 0.5847854997733655, 0.734759460148036], [0.7887223889760216, 0.24487464308931473, -0.563873569428323]], "quat": [0.34257080362589865, 0.8152190069038303, 0.3004205296187715, -0.35750625262981806]}, {"euler": [-8.182421684265137, -16.917062759399414, -94.40794372558594], "matrix": [[-0.07353141630194482, 0.9837091307139982, 0.16404108316680927], [-0.9538970731648593, -0.11736716983196449, 0.2762341782856531], [0.29098712106233376